30
5
51
49
14
148
13
18
5
16
16
64
5
19
69
9
29
20
3
19
5
18
34
47
36
17
51
0
76
5
92
36
57
50
37
0
11
2
35
19
38
16
20
16
14
52
32
9
92
68
27
56
55
53
29
0
47
52
56
110
4
100
89
6
25
132
33
4
76
15
14
2
30
10
22
14
98
33
90
35
21
0
0
16
2
5
74
28
16
5
0
77
74
17
3
0
0
144
8
13
6
23
57
2
12
2
73
62
48
5
29
6
52
0
99
224
44
4
18
24
12
42
4
19
29
24
15
10
39
68
82
11
1
19
50
6
71
27
82
0
33
0
11
24