11
18
71
2
11
103
28
1
38
11
0
2
21
38
25
29
69
2
0
21
101
80
0
5
85
3
51
47
12
4
7
6
44
57
25
3
12
39
102
21
35
34
15
113
63
3
15
62
107
40
51
9
90
35
68
6
0
8
17
11
51
70
14
40
62
27
10
150
13
30
15
63
5
13
0
44
57
6
68
76
6
8
0
11
2
32
150
8
18
71
41
0
82
83
23
15
38
138
126
27
0
39
51
10
28
69
22
50
27
97
32
84
58
1
38
4
12
0
67
31
5
92
91
5
29
23
63
100
11
0
3
65
102
0
88
8
11
15
52
8
33
10
24