12
37
25
54
31
2
16
79
30
10
27
54
107
9
91
71
102
2
31
57
0
82
18
68
11
18
10
28
0
8
37
118
105
64
63
0
2
54
22
28
87
2
100
8
34
12
1
59
24
9
35
2
81
0
22
94
55
9
7
16
107
37
112
35
86
0
3
117
20
23
80
31
77
18
15
12
66
21
133
108
66
183
106
1
38
128
23
0
6
7
15
37
77
26
0
31
22
22
58
43
11
2
102
31
2
115
14
68
61
100
68
115
0
86
99
19
31
0
123
78
6
2
82
136
48
5
0
40
1
13
2
62
127
22
49
53
66
139
9
4
3
8
107
46
33
33
44
38
3
1
1
23
25
11
12
77
138
7
91
59
117
106
8
85
9
154
45
65
122
8
55
81
0
76
96
5
32
87
11
3
111
82
4
3
131
110
0
92
28
21
39
121
29
113
112
46
160
75
36
129
75
45
71
140
157
107
16
33
3
104
46
45
43
60
44
116
123
7
20
18
82
77
67
72
66
26
34
1
120
114
4
0
85
16
78
89
51
15
9
21
89
63
56
66
7
51
0
65
8
18
0
16
17
9
5
113
113
4
166
8
11
36
4
31
54
4
122
3
56
85
55
16
103
95
0
88
101
51
117
54
24
14
20
5
52
22
100
11
84
1
