0
0
36
10
20
19
31
36
53
30
4
53
52
22
11
49
0
62
4
1
1
36
57
48
21
77
31
57
4
69
35
11
54
81
4
84
14
39
15
10
22
21
32
23
21
82
1
3
24
5
34
3
8
21
15
25
26
2
24
3
15
28
1
11
52
15
82
63
40
63
73
6
24
11
6
110
0
0
0
8
115
34
62
66
54
88
105
13
37
47
48
4
112
41
30
39
7
65
1
127
70
90
137
3
31
65
28
100
1
2
118
17
57
30
6
1
110
40
7
89
20
2
3
23
11
88
64
28
62
67
114
0
6
1
14
41
104
32
45
13
44
65
9
1
117
2
4
21
28
53
27
6
27
39
17
25
0
6
51
2
21
7
91
3
1
82
6
54
67
95
1
41
8
5
100
1
15
40
80
38
143
134
33
18
100
65
53
17
128
77
127
29
2
141
8
3
118
18
11
124
0
23
45
5
28
140
2
22
0
45
16
14
37
120
85
40
0
32
186
1
2
0
13
12
1
93
41
18
17
3
26
21
12
122
93
5
11
10
39
36
93
25
25
38
39
69
101
8
4
61
5
44
8
146
62
27
35
32
139
62
12
70
9
81
122
0
101
38
3
37
146
17
36
45
68
87
18
12
34
65
1
49
105
19
36
113
14
7
9
16
7
0
1
1
52
36
81
152
50
98
5
97
15
83
4
48
100
68
14
89
102
45
63
44
86
5
3
8
27
28
141
0
7
37
18
11
82
78
18
74
16
19
47
4
2
6
123
1
9
93
67
2
11
19
39
2
2
2
30
100
42
95
0
2
141
12
65
4
35
29
10
35
2
1
55
31
0
60
100
54
1
7
57
0
4
99
93
8
17
99
8
55
71
94
30
0
16
43
79
47
72
21
4
99
29
97
30
10
35
44
32
5
0
2
63
117
91
11
50
5
6
7
20
61
163
46
27
138
8
14
4
32
40
175
10
69
43
96
8
4
200
7
24
28
120
38
27
111
2
53
85
18
2
48
15
3
22
14
39
6
114
52
