8
1
52
29
0
39
70
1
24
1
3
66
2
9
26
24
11
0
22
58
22
3
19
0
32
18
3
11
3
28
8
25
4
15
43
4
0
11
48
114
101
13
32
0
22
69
41
4
0
11
5
44
11
9
23
1
5
68
7
86
39
57
0
72
90
95
27
21
21
10
33
15
0
4
68
5
0
0
4
4
4
83
4
65
52
18
33
9
60
5
46
48
58
20
1
14
64
42
141
11
9
79
209
72
12
4
18
19
3
20
39
79
4
21
13
56
18
52
264
9
138
15
0
57
7
64
16
137
34
63
0
29
150
3
65
21
16
171
124
6
41
99
14
15
13
11
70
91
78
12
123
0
4
54
124
104
16
28
7
71
65
125
20
7
147
2
208
7
20
15
0
5
115
15
137
15
2
23
52
83
111
48
152
4
8
162
63
133
43
9
11
87
62
7
2
37
0
14
95
56
122
57
140
1
18
102
104
103
1
18
10
36
159
63
10
42
119
28
25
37
60
5
13
76
0
17
27
51
83
17
42
34
51
101
13
30
12
11
74
56
53
0
81
0
131
86
48
46
87
4
40
61
47
47
58
64
35
2
119
1
41
20
15
28
76