1
19
58
2
11
4
2
0
12
33
27
0
100
4
5
33
55
4
55
34
29
5
51
82
42
31
21
0
32
71
12
16
0
46
39
45
48
126
59
13
25
28
1
114
4
52
18
12
0
108
7
23
45
112
4
6
4
36
24
23
21
3
66
1
33
82
63
37
43
25
8
31
0
0
39
130
5
35
90
32
23
3
12
79
26
13
26
20
0
37
16
1
81
5
17
T
4
0
1
17
10
53
0
70
45
108
74
2
29
5
21
14
2
32
6
48
21
38
5
15
45
12
75
6
21
37
20
38
39
48
19
22
35
1
77
30
27
5
67
7
26
15
26
4
73
22
12
97
11
95
9
8
1
10
9
17
65
0
18
11
T
19
12
46
2
114
48
30
21
45
52
8
25
43
10
6
33
11
14
17
89
59
2
78
119
49
42
60
85
1
68
69
91
42
116
5
6
77
54
3
125
40
13
40
11
30
38
6
146
4
44
10
T
47
13
42
46
9
11
10
19
99
12
110
28
175
35
5
39
73
15
38
0
20
26
0
219
10
20
0
5
30
96
15
3
34
4
31